
F0=0, F1=0, INVA=0, ENA=0, ENB=0
alu(0, 0, 0, 0, 0, 0, 0, 0) --> 0
alu(0, 0, 0, 0, 0, 0, 0, 1) --> 0
alu(0, 0, 0, 0, 0, 0, 1, 0) --> 0
alu(0, 0, 0, 0, 0, 0, 1, 1) --> 0
alu(0, 0, 0, 0, 0, 1, 0, 0) --> 0
alu(0, 0, 0, 0, 0, 1, 0, 1) --> 0
alu(0, 0, 0, 0, 0, 1, 1, 0) --> 0
alu(0, 0, 0, 0, 0, 1, 1, 1) --> 0

F0=0, F1=0, INVA=0, ENA=0, ENB=1
alu(0, 0, 0, 0, 1, 0, 0, 0) --> 0
alu(0, 0, 0, 0, 1, 0, 0, 1) --> 0
alu(0, 0, 0, 0, 1, 0, 1, 0) --> 0
alu(0, 0, 0, 0, 1, 0, 1, 1) --> 0
alu(0, 0, 0, 0, 1, 1, 0, 0) --> 0
alu(0, 0, 0, 0, 1, 1, 0, 1) --> 0
alu(0, 0, 0, 0, 1, 1, 1, 0) --> 0
alu(0, 0, 0, 0, 1, 1, 1, 1) --> 0

F0=0, F1=0, INVA=0, ENA=1, ENB=0
alu(0, 0, 0, 1, 0, 0, 0, 0) --> 0
alu(0, 0, 0, 1, 0, 0, 0, 1) --> 0
alu(0, 0, 0, 1, 0, 0, 1, 0) --> 0
alu(0, 0, 0, 1, 0, 0, 1, 1) --> 0
alu(0, 0, 0, 1, 0, 1, 0, 0) --> 0
alu(0, 0, 0, 1, 0, 1, 0, 1) --> 0
alu(0, 0, 0, 1, 0, 1, 1, 0) --> 0
alu(0, 0, 0, 1, 0, 1, 1, 1) --> 0

F0=0, F1=0, INVA=0, ENA=1, ENB=1
alu(0, 0, 0, 1, 1, 0, 0, 0) --> 0
alu(0, 0, 0, 1, 1, 0, 0, 1) --> 0
alu(0, 0, 0, 1, 1, 0, 1, 0) --> 0
alu(0, 0, 0, 1, 1, 0, 1, 1) --> 2
alu(0, 0, 0, 1, 1, 1, 0, 0) --> 0
alu(0, 0, 0, 1, 1, 1, 0, 1) --> 0
alu(0, 0, 0, 1, 1, 1, 1, 0) --> 0
alu(0, 0, 0, 1, 1, 1, 1, 1) --> 2

F0=0, F1=0, INVA=1, ENA=0, ENB=0
alu(0, 0, 1, 0, 0, 0, 0, 0) --> 0
alu(0, 0, 1, 0, 0, 0, 0, 1) --> 0
alu(0, 0, 1, 0, 0, 0, 1, 0) --> 0
alu(0, 0, 1, 0, 0, 0, 1, 1) --> 0
alu(0, 0, 1, 0, 0, 1, 0, 0) --> 0
alu(0, 0, 1, 0, 0, 1, 0, 1) --> 0
alu(0, 0, 1, 0, 0, 1, 1, 0) --> 0
alu(0, 0, 1, 0, 0, 1, 1, 1) --> 0

F0=0, F1=0, INVA=1, ENA=0, ENB=1
alu(0, 0, 1, 0, 1, 0, 0, 0) --> 0
alu(0, 0, 1, 0, 1, 0, 0, 1) --> 2
alu(0, 0, 1, 0, 1, 0, 1, 0) --> 0
alu(0, 0, 1, 0, 1, 0, 1, 1) --> 2
alu(0, 0, 1, 0, 1, 1, 0, 0) --> 0
alu(0, 0, 1, 0, 1, 1, 0, 1) --> 2
alu(0, 0, 1, 0, 1, 1, 1, 0) --> 0
alu(0, 0, 1, 0, 1, 1, 1, 1) --> 2

F0=0, F1=0, INVA=1, ENA=1, ENB=0
alu(0, 0, 1, 1, 0, 0, 0, 0) --> 0
alu(0, 0, 1, 1, 0, 0, 0, 1) --> 0
alu(0, 0, 1, 1, 0, 0, 1, 0) --> 0
alu(0, 0, 1, 1, 0, 0, 1, 1) --> 0
alu(0, 0, 1, 1, 0, 1, 0, 0) --> 0
alu(0, 0, 1, 1, 0, 1, 0, 1) --> 0
alu(0, 0, 1, 1, 0, 1, 1, 0) --> 0
alu(0, 0, 1, 1, 0, 1, 1, 1) --> 0

F0=0, F1=0, INVA=1, ENA=1, ENB=1
alu(0, 0, 1, 1, 1, 0, 0, 0) --> 0
alu(0, 0, 1, 1, 1, 0, 0, 1) --> 2
alu(0, 0, 1, 1, 1, 0, 1, 0) --> 0
alu(0, 0, 1, 1, 1, 0, 1, 1) --> 0
alu(0, 0, 1, 1, 1, 1, 0, 0) --> 0
alu(0, 0, 1, 1, 1, 1, 0, 1) --> 2
alu(0, 0, 1, 1, 1, 1, 1, 0) --> 0
alu(0, 0, 1, 1, 1, 1, 1, 1) --> 0

F0=0, F1=1, INVA=0, ENA=0, ENB=0
alu(0, 1, 0, 0, 0, 0, 0, 0) --> 0
alu(0, 1, 0, 0, 0, 0, 0, 1) --> 0
alu(0, 1, 0, 0, 0, 0, 1, 0) --> 0
alu(0, 1, 0, 0, 0, 0, 1, 1) --> 0
alu(0, 1, 0, 0, 0, 1, 0, 0) --> 0
alu(0, 1, 0, 0, 0, 1, 0, 1) --> 0
alu(0, 1, 0, 0, 0, 1, 1, 0) --> 0
alu(0, 1, 0, 0, 0, 1, 1, 1) --> 0

F0=0, F1=1, INVA=0, ENA=0, ENB=1
alu(0, 1, 0, 0, 1, 0, 0, 0) --> 0
alu(0, 1, 0, 0, 1, 0, 0, 1) --> 2
alu(0, 1, 0, 0, 1, 0, 1, 0) --> 0
alu(0, 1, 0, 0, 1, 0, 1, 1) --> 2
alu(0, 1, 0, 0, 1, 1, 0, 0) --> 0
alu(0, 1, 0, 0, 1, 1, 0, 1) --> 2
alu(0, 1, 0, 0, 1, 1, 1, 0) --> 0
alu(0, 1, 0, 0, 1, 1, 1, 1) --> 2

F0=0, F1=1, INVA=0, ENA=1, ENB=0
alu(0, 1, 0, 1, 0, 0, 0, 0) --> 0
alu(0, 1, 0, 1, 0, 0, 0, 1) --> 0
alu(0, 1, 0, 1, 0, 0, 1, 0) --> 2
alu(0, 1, 0, 1, 0, 0, 1, 1) --> 2
alu(0, 1, 0, 1, 0, 1, 0, 0) --> 0
alu(0, 1, 0, 1, 0, 1, 0, 1) --> 0
alu(0, 1, 0, 1, 0, 1, 1, 0) --> 2
alu(0, 1, 0, 1, 0, 1, 1, 1) --> 2

F0=0, F1=1, INVA=0, ENA=1, ENB=1
alu(0, 1, 0, 1, 1, 0, 0, 0) --> 0
alu(0, 1, 0, 1, 1, 0, 0, 1) --> 2
alu(0, 1, 0, 1, 1, 0, 1, 0) --> 2
alu(0, 1, 0, 1, 1, 0, 1, 1) --> 2
alu(0, 1, 0, 1, 1, 1, 0, 0) --> 0
alu(0, 1, 0, 1, 1, 1, 0, 1) --> 2
alu(0, 1, 0, 1, 1, 1, 1, 0) --> 2
alu(0, 1, 0, 1, 1, 1, 1, 1) --> 2

F0=0, F1=1, INVA=1, ENA=0, ENB=0
alu(0, 1, 1, 0, 0, 0, 0, 0) --> 2
alu(0, 1, 1, 0, 0, 0, 0, 1) --> 2
alu(0, 1, 1, 0, 0, 0, 1, 0) --> 2
alu(0, 1, 1, 0, 0, 0, 1, 1) --> 2
alu(0, 1, 1, 0, 0, 1, 0, 0) --> 2
alu(0, 1, 1, 0, 0, 1, 0, 1) --> 2
alu(0, 1, 1, 0, 0, 1, 1, 0) --> 2
alu(0, 1, 1, 0, 0, 1, 1, 1) --> 2

F0=0, F1=1, INVA=1, ENA=0, ENB=1
alu(0, 1, 1, 0, 1, 0, 0, 0) --> 2
alu(0, 1, 1, 0, 1, 0, 0, 1) --> 2
alu(0, 1, 1, 0, 1, 0, 1, 0) --> 2
alu(0, 1, 1, 0, 1, 0, 1, 1) --> 2
alu(0, 1, 1, 0, 1, 1, 0, 0) --> 2
alu(0, 1, 1, 0, 1, 1, 0, 1) --> 2
alu(0, 1, 1, 0, 1, 1, 1, 0) --> 2
alu(0, 1, 1, 0, 1, 1, 1, 1) --> 2

F0=0, F1=1, INVA=1, ENA=1, ENB=0
alu(0, 1, 1, 1, 0, 0, 0, 0) --> 2
alu(0, 1, 1, 1, 0, 0, 0, 1) --> 2
alu(0, 1, 1, 1, 0, 0, 1, 0) --> 0
alu(0, 1, 1, 1, 0, 0, 1, 1) --> 0
alu(0, 1, 1, 1, 0, 1, 0, 0) --> 2
alu(0, 1, 1, 1, 0, 1, 0, 1) --> 2
alu(0, 1, 1, 1, 0, 1, 1, 0) --> 0
alu(0, 1, 1, 1, 0, 1, 1, 1) --> 0

F0=0, F1=1, INVA=1, ENA=1, ENB=1
alu(0, 1, 1, 1, 1, 0, 0, 0) --> 2
alu(0, 1, 1, 1, 1, 0, 0, 1) --> 2
alu(0, 1, 1, 1, 1, 0, 1, 0) --> 0
alu(0, 1, 1, 1, 1, 0, 1, 1) --> 2
alu(0, 1, 1, 1, 1, 1, 0, 0) --> 2
alu(0, 1, 1, 1, 1, 1, 0, 1) --> 2
alu(0, 1, 1, 1, 1, 1, 1, 0) --> 0
alu(0, 1, 1, 1, 1, 1, 1, 1) --> 2

F0=1, F1=0, INVA=0, ENA=0, ENB=0
alu(1, 0, 0, 0, 0, 0, 0, 0) --> 2
alu(1, 0, 0, 0, 0, 0, 0, 1) --> 2
alu(1, 0, 0, 0, 0, 0, 1, 0) --> 2
alu(1, 0, 0, 0, 0, 0, 1, 1) --> 2
alu(1, 0, 0, 0, 0, 1, 0, 0) --> 2
alu(1, 0, 0, 0, 0, 1, 0, 1) --> 2
alu(1, 0, 0, 0, 0, 1, 1, 0) --> 2
alu(1, 0, 0, 0, 0, 1, 1, 1) --> 2

F0=1, F1=0, INVA=0, ENA=0, ENB=1
alu(1, 0, 0, 0, 1, 0, 0, 0) --> 2
alu(1, 0, 0, 0, 1, 0, 0, 1) --> 0
alu(1, 0, 0, 0, 1, 0, 1, 0) --> 2
alu(1, 0, 0, 0, 1, 0, 1, 1) --> 0
alu(1, 0, 0, 0, 1, 1, 0, 0) --> 2
alu(1, 0, 0, 0, 1, 1, 0, 1) --> 0
alu(1, 0, 0, 0, 1, 1, 1, 0) --> 2
alu(1, 0, 0, 0, 1, 1, 1, 1) --> 0

F0=1, F1=0, INVA=0, ENA=1, ENB=0
alu(1, 0, 0, 1, 0, 0, 0, 0) --> 2
alu(1, 0, 0, 1, 0, 0, 0, 1) --> 2
alu(1, 0, 0, 1, 0, 0, 1, 0) --> 2
alu(1, 0, 0, 1, 0, 0, 1, 1) --> 2
alu(1, 0, 0, 1, 0, 1, 0, 0) --> 2
alu(1, 0, 0, 1, 0, 1, 0, 1) --> 2
alu(1, 0, 0, 1, 0, 1, 1, 0) --> 2
alu(1, 0, 0, 1, 0, 1, 1, 1) --> 2

F0=1, F1=0, INVA=0, ENA=1, ENB=1
alu(1, 0, 0, 1, 1, 0, 0, 0) --> 2
alu(1, 0, 0, 1, 1, 0, 0, 1) --> 0
alu(1, 0, 0, 1, 1, 0, 1, 0) --> 2
alu(1, 0, 0, 1, 1, 0, 1, 1) --> 0
alu(1, 0, 0, 1, 1, 1, 0, 0) --> 2
alu(1, 0, 0, 1, 1, 1, 0, 1) --> 0
alu(1, 0, 0, 1, 1, 1, 1, 0) --> 2
alu(1, 0, 0, 1, 1, 1, 1, 1) --> 0

F0=1, F1=0, INVA=1, ENA=0, ENB=0
alu(1, 0, 1, 0, 0, 0, 0, 0) --> 2
alu(1, 0, 1, 0, 0, 0, 0, 1) --> 2
alu(1, 0, 1, 0, 0, 0, 1, 0) --> 2
alu(1, 0, 1, 0, 0, 0, 1, 1) --> 2
alu(1, 0, 1, 0, 0, 1, 0, 0) --> 2
alu(1, 0, 1, 0, 0, 1, 0, 1) --> 2
alu(1, 0, 1, 0, 0, 1, 1, 0) --> 2
alu(1, 0, 1, 0, 0, 1, 1, 1) --> 2

F0=1, F1=0, INVA=1, ENA=0, ENB=1
alu(1, 0, 1, 0, 1, 0, 0, 0) --> 2
alu(1, 0, 1, 0, 1, 0, 0, 1) --> 0
alu(1, 0, 1, 0, 1, 0, 1, 0) --> 2
alu(1, 0, 1, 0, 1, 0, 1, 1) --> 0
alu(1, 0, 1, 0, 1, 1, 0, 0) --> 2
alu(1, 0, 1, 0, 1, 1, 0, 1) --> 0
alu(1, 0, 1, 0, 1, 1, 1, 0) --> 2
alu(1, 0, 1, 0, 1, 1, 1, 1) --> 0

F0=1, F1=0, INVA=1, ENA=1, ENB=0
alu(1, 0, 1, 1, 0, 0, 0, 0) --> 2
alu(1, 0, 1, 1, 0, 0, 0, 1) --> 2
alu(1, 0, 1, 1, 0, 0, 1, 0) --> 2
alu(1, 0, 1, 1, 0, 0, 1, 1) --> 2
alu(1, 0, 1, 1, 0, 1, 0, 0) --> 2
alu(1, 0, 1, 1, 0, 1, 0, 1) --> 2
alu(1, 0, 1, 1, 0, 1, 1, 0) --> 2
alu(1, 0, 1, 1, 0, 1, 1, 1) --> 2

F0=1, F1=0, INVA=1, ENA=1, ENB=1
alu(1, 0, 1, 1, 1, 0, 0, 0) --> 2
alu(1, 0, 1, 1, 1, 0, 0, 1) --> 0
alu(1, 0, 1, 1, 1, 0, 1, 0) --> 2
alu(1, 0, 1, 1, 1, 0, 1, 1) --> 0
alu(1, 0, 1, 1, 1, 1, 0, 0) --> 2
alu(1, 0, 1, 1, 1, 1, 0, 1) --> 0
alu(1, 0, 1, 1, 1, 1, 1, 0) --> 2
alu(1, 0, 1, 1, 1, 1, 1, 1) --> 0

F0=1, F1=1, INVA=0, ENA=0, ENB=0
alu(1, 1, 0, 0, 0, 0, 0, 0) --> 0
alu(1, 1, 0, 0, 0, 0, 0, 1) --> 0
alu(1, 1, 0, 0, 0, 0, 1, 0) --> 0
alu(1, 1, 0, 0, 0, 0, 1, 1) --> 0
alu(1, 1, 0, 0, 0, 1, 0, 0) --> 2
alu(1, 1, 0, 0, 0, 1, 0, 1) --> 2
alu(1, 1, 0, 0, 0, 1, 1, 0) --> 2
alu(1, 1, 0, 0, 0, 1, 1, 1) --> 2

F0=1, F1=1, INVA=0, ENA=0, ENB=1
alu(1, 1, 0, 0, 1, 0, 0, 0) --> 0
alu(1, 1, 0, 0, 1, 0, 0, 1) --> 2
alu(1, 1, 0, 0, 1, 0, 1, 0) --> 0
alu(1, 1, 0, 0, 1, 0, 1, 1) --> 2
alu(1, 1, 0, 0, 1, 1, 0, 0) --> 2
alu(1, 1, 0, 0, 1, 1, 0, 1) --> 1
alu(1, 1, 0, 0, 1, 1, 1, 0) --> 2
alu(1, 1, 0, 0, 1, 1, 1, 1) --> 1

F0=1, F1=1, INVA=0, ENA=1, ENB=0
alu(1, 1, 0, 1, 0, 0, 0, 0) --> 0
alu(1, 1, 0, 1, 0, 0, 0, 1) --> 0
alu(1, 1, 0, 1, 0, 0, 1, 0) --> 2
alu(1, 1, 0, 1, 0, 0, 1, 1) --> 2
alu(1, 1, 0, 1, 0, 1, 0, 0) --> 2
alu(1, 1, 0, 1, 0, 1, 0, 1) --> 2
alu(1, 1, 0, 1, 0, 1, 1, 0) --> 1
alu(1, 1, 0, 1, 0, 1, 1, 1) --> 1

F0=1, F1=1, INVA=0, ENA=1, ENB=1
alu(1, 1, 0, 1, 1, 0, 0, 0) --> 0
alu(1, 1, 0, 1, 1, 0, 0, 1) --> 2
alu(1, 1, 0, 1, 1, 0, 1, 0) --> 2
alu(1, 1, 0, 1, 1, 0, 1, 1) --> 1
alu(1, 1, 0, 1, 1, 1, 0, 0) --> 2
alu(1, 1, 0, 1, 1, 1, 0, 1) --> 1
alu(1, 1, 0, 1, 1, 1, 1, 0) --> 1
alu(1, 1, 0, 1, 1, 1, 1, 1) --> 3

F0=1, F1=1, INVA=1, ENA=0, ENB=0
alu(1, 1, 1, 0, 0, 0, 0, 0) --> 2
alu(1, 1, 1, 0, 0, 0, 0, 1) --> 2
alu(1, 1, 1, 0, 0, 0, 1, 0) --> 2
alu(1, 1, 1, 0, 0, 0, 1, 1) --> 2
alu(1, 1, 1, 0, 0, 1, 0, 0) --> 1
alu(1, 1, 1, 0, 0, 1, 0, 1) --> 1
alu(1, 1, 1, 0, 0, 1, 1, 0) --> 1
alu(1, 1, 1, 0, 0, 1, 1, 1) --> 1

F0=1, F1=1, INVA=1, ENA=0, ENB=1
alu(1, 1, 1, 0, 1, 0, 0, 0) --> 2
alu(1, 1, 1, 0, 1, 0, 0, 1) --> 1
alu(1, 1, 1, 0, 1, 0, 1, 0) --> 2
alu(1, 1, 1, 0, 1, 0, 1, 1) --> 1
alu(1, 1, 1, 0, 1, 1, 0, 0) --> 1
alu(1, 1, 1, 0, 1, 1, 0, 1) --> 3
alu(1, 1, 1, 0, 1, 1, 1, 0) --> 1
alu(1, 1, 1, 0, 1, 1, 1, 1) --> 3

F0=1, F1=1, INVA=1, ENA=1, ENB=0
alu(1, 1, 1, 1, 0, 0, 0, 0) --> 2
alu(1, 1, 1, 1, 0, 0, 0, 1) --> 2
alu(1, 1, 1, 1, 0, 0, 1, 0) --> 0
alu(1, 1, 1, 1, 0, 0, 1, 1) --> 0
alu(1, 1, 1, 1, 0, 1, 0, 0) --> 1
alu(1, 1, 1, 1, 0, 1, 0, 1) --> 1
alu(1, 1, 1, 1, 0, 1, 1, 0) --> 2
alu(1, 1, 1, 1, 0, 1, 1, 1) --> 2

F0=1, F1=1, INVA=1, ENA=1, ENB=1
alu(1, 1, 1, 1, 1, 0, 0, 0) --> 2
alu(1, 1, 1, 1, 1, 0, 0, 1) --> 1
alu(1, 1, 1, 1, 1, 0, 1, 0) --> 0
alu(1, 1, 1, 1, 1, 0, 1, 1) --> 2
alu(1, 1, 1, 1, 1, 1, 0, 0) --> 1
alu(1, 1, 1, 1, 1, 1, 0, 1) --> 3
alu(1, 1, 1, 1, 1, 1, 1, 0) --> 2
alu(1, 1, 1, 1, 1, 1, 1, 1) --> 1
